486
2309
1093
4085
217
4819
6701
2889
2922
626
898
206
1011
385
186
1750
852
104
1877
1027
2351
3045
133
753
2470
561
2858
475
1602
1201
1982
2414
896
563
1593
1087
853
2062
3116
702
1398
622
902
415
1512
1813
529
3752
193
1989
4540
14
1969
1667
4161
1072
3459
1054
2000
3233
3565
613
1254
610
2072
994
384
2977
665
325
759
2161
997
1082
1459
1463
188
1986
31
3973
2063
412
709
807
2213
2678
1405
3041
2837
2725
1749
1514
858
2720
710
3047
1929
2204
935
1344
2399
419
1090
1198
1812
1327
4059
476
999
4549
3183
4612
4280
2398
809
303
2343
2420
526
4147
2156
1639
4020
4205
1767
2993
3350
44
4405
1257
4185
1589
3181
3734
4148
1351
1650
3046
2632
3670
3560
3298
2729
2871
2461
2332
1816
524
9009
2734
857
3552
3123
478
2574
3450
527
4883
2006
4078
103
3990
557
2520
1332
4381
491
4623
1974
3460
1135
2253
4272
4634
3289
1134
2157
2409
1133
2973
3024
1790
1572
1834
14
3679
2010
1137
4394
1277
3996
3397
2983
12019
4762
1998
3633
3353
4139
1815
1347
3555
6491
6990
12442
1466
326
482
1604
6634
2987
2069
2970
195
3730
2859
4892
4003
4081
2992
1695
43
4072
6158
5860
422
3566
5178
3321
1970
993
4126
4553
2780
204
4111
312
4505
1559
851
6592
66
267
2491
1599
323
1708
2866
2154
1694
45
715
1597
2683
1704
571
1238
111
2845
275
2750
3971
4547
3040
3195
5714
816
2097
5162
620
389
1577
4423
3817
5322
2105
1225
4485
289
597
2212
251
4662
2403
4576
1805
2202
90
2793
109
1702
6820
3847
1019
3394
2991
1823
510
1774
1826
3833
4234
1862
3726
3941
560
2211
4391
2579
4786
2613
1504
4297
4776
2782
1146
2677
3308
1101
7813
5928
3780
481
2467
81
531
1763
2710
1878
1988
6
1916
3038
6926
3732
658
4063
5950
2995
1671
5715
1699
2163
2385
2419
47
349
6818
316
2287
758
1670
1174
3649
5116
4557
6857
9146
2529
2918
170
1705
2117
223
1371
4976
517
5988
3293
1669
4654
2151
1236
4655
4025
2758
6456
675
1510
4229
4347
3137
1858
3547
1773
797
4684
3153
1854
2718
1848
2565
1676
3064
3007
3535
3056
3420
3220
2450
467
2322
5647
3231
1571
4292
3934
1566
2813
359
430
2440
3699
980
1905
2861
3852
1898
1736
5080
4930
2616
4178
2809
342
1379
2598
4432
4027
51
2047
301
3796
1472
2235
4028
338
279
4426
2036
2535
1070
2713
2620
1161
3869
3498
1809
835
2958
5619
401
2707
1668
74
4723
59
3439
1863
2986
3830
4614
4692
2951
4709
558
3287
4551
4628
7519
4881
1149
2628
106
6941
2796
6164
3663
2059
1241
268
567
7182
476
98
1262
94
4076
273
4845
139
800
590
4686
3592
3017
1818
1538
4533
1900
1800
4142
461
1946
1814
1233
2256
4893
3314
1799
2512
792
1855
5457
3620
4795
261
271
2494
1335
7317
3561
1318
714
1997
2043
380
138
512
523
2862
438
1644
608
3446
2015
1380
2724
499
33
1828
374
6070
679
764
1706
1145
4316
4534
629
4130
1923
4870
713
7010
4780
113
12
4270
2938
4904
755
3
7521
3282
3667
3862
3229
7601
757
3749
3815
762
4286
89
536
410
2462
308
1392
1991
4054
413
1957
1768
4772
2306
4311
2408
3213
3936
4856
4658
4637
4826
50
2205
1701
3640
4269
1967
774
934
49
1199
4764
1757
439
3521
7181
1210
5015
3782
365
2659
1741
864
4057
334
2465
184
2326
528
1197
760
765
3242
996
2526
32
4199
2397
3570
2530
1143
1002
4059
2075
372
1973
265
4379
4690
3618
4890
3171
4376
1640
2925
4131
2402
3736
4276
1326
4067
